315 316 315 309 312 305 300 307 300 296 294 293 300 293 295 288 282 291 286 281 280 277 277 277 278 276 269 272 263 257 264 264 263 255 249 250 247 243 242 239 240 235 230 236 229 229 225 226 274 307
315 315 314 306 305 304 299 303 301 294 292 291 294 289 287 286 280 283 282 278 277 274 269 272 269 270 266 266 262 253 260 260 254 252 248 242 243 244 235 234 236 232 229 230 227 220 220 224 266 301
314 312 311 308 302 297 296 297 296 298 290 287 285 287 283 278 276 276 274 275 275 271 268 269 264 261 261 258 253 249 256 260 256 258 249 241 237 240 234 229 231 225 226 225 227 218 213 223 264 295
312 315 315 306 307 298 295 294 294 296 291 288 281 280 277 277 274 272 271 266 275 271 263 261 257 258 258 256 254 248 251 258 250 249 242 239 233 240 236 227 227 220 219 224 218 215 208 216 258 292
309 309 308 302 299 295 296 289 288 287 287 282 280 275 276 273 274 266 264 265 270 264 261 255 255 253 255 249 246 246 245 249 247 242 240 233 229 232 228 224 225 223 215 216 214 208 203 207 257 288
302 305 305 304 295 294 297 289 288 286 279 277 273 271 271 271 273 264 262 263 261 258 253 250 249 250 246 246 243 243 244 242 238 236 234 233 228 230 226 220 225 221 214 209 206 207 201 202 252 283
301 302 309 310 301 292 291 289 285 283 282 280 276 270 269 268 266 263 258 255 258 255 254 248 246 248 245 244 238 234 240 236 234 233 230 230 226 231 224 219 220 215 212 205 201 203 198 197 245 281
300 299 304 302 298 295 295 294 288 292 289 285 283 280 274 269 266 264 257 253 255 250 247 250 244 245 241 244 236 231 236 230 226 234 227 226 221 228 221 215 215 208 203 205 197 198 192 189 239 276
297 298 304 297 294 293 294 290 285 283 285 283 280 280 276 274 270 261 255 252 250 247 243 243 238 243 238 238 231 229 230 226 221 226 220 223 217 219 215 212 208 203 197 196 189 192 187 188 232 272
296 296 295 294 299 290 286 295 290 282 283 281 279 277 275 274 269 267 261 252 250 246 241 238 235 240 237 234 227 226 229 224 218 220 216 220 215 211 210 210 206 200 193 189 184 185 184 179 226 267
294 293 300 293 295 288 282 291 286 281 280 277 277 276 277 271 264 267 258 252 252 248 247 239 233 234 231 227 226 223 224 219 214 220 213 213 208 203 208 206 200 194 188 188 180 177 176 170 223 262
292 291 294 289 287 286 280 283 282 278 277 274 269 271 268 266 261 261 257 248 248 244 238 236 232 226 227 228 219 218 220 216 213 214 211 204 204 201 200 200 198 193 186 182 182 176 175 167 214 255
290 287 285 287 283 278 276 276 274 275 275 271 268 269 263 257 256 253 248 244 249 246 242 242 233 225 221 224 218 213 215 209 210 209 211 202 197 205 198 194 192 185 184 176 174 173 167 165 211 248
291 288 281 280 277 277 274 272 271 266 275 271 263 261 256 254 254 252 250 243 244 245 236 233 226 223 217 224 220 211 211 204 203 208 202 199 192 200 192 191 187 179 177 183 174 169 161 157 204 244
287 282 280 275 276 273 274 266 264 265 270 264 261 255 255 249 251 245 242 241 238 240 236 229 224 217 213 216 212 208 209 207 199 200 198 192 187 191 194 189 184 181 172 176 170 161 155 156 202 239
279 277 273 271 271 271 273 264 262 263 261 258 253 250 249 246 242 242 239 239 237 233 227 223 221 217 212 214 210 204 209 205 198 193 190 191 185 186 191 184 184 178 170 168 165 159 152 150 196 233
282 280 276 270 269 268 266 263 258 255 258 255 254 248 246 244 241 240 234 230 235 231 228 220 217 214 210 215 208 203 204 199 196 189 185 187 182 181 188 182 178 172 164 163 159 154 148 144 188 230
289 285 283 280 274 269 266 264 257 253 255 250 247 250 244 241 237 240 232 227 231 225 221 224 217 210 205 212 205 199 199 192 187 189 181 182 176 173 182 177 179 171 165 158 157 148 141 135 181 224
286 284 281 280 276 274 270 261 255 252 250 247 243 243 238 239 234 234 227 225 225 221 216 216 210 207 201 203 199 196 192 187 181 180 173 176 171 172 175 173 172 166 159 159 151 145 137 133 173 219
287 284 280 278 276 275 270 267 261 252 250 246 241 238 235 239 233 230 223 222 224 219 213 210 206 206 199 195 194 194 190 184 177 173 168 169 168 163 169 168 169 162 154 155 149 149 141 132 166 213
287 284 284 280 281 272 265 268 259 253 252 248 247 239 233 234 227 223 222 219 219 214 209 210 203 201 192 187 192 190 184 178 172 172 164 161 160 154 166 163 162 155 148 149 144 140 138 131 162 207
284 281 276 275 272 269 262 262 258 249 248 244 238 236 232 226 227 224 215 214 215 211 208 206 201 194 192 185 184 184 182 177 170 166 166 160 159 151 157 156 155 149 145 140 140 140 136 127 161 199
285 281 278 275 267 260 257 254 249 245 250 246 242 242 233 225 221 220 214 209 210 204 205 204 206 197 192 189 182 178 176 169 168 160 158 157 151 149 154 149 148 140 142 133 131 136 129 124 157 191
286 281 273 271 265 263 258 255 252 244 245 245 236 233 226 223 217 220 216 207 206 199 198 203 197 194 187 185 176 175 171 163 161 167 158 153 145 141 147 145 142 133 135 130 129 131 122 115 149 186
281 275 272 266 265 259 257 248 245 242 239 241 237 230 224 217 213 212 208 204 204 202 194 195 193 187 182 183 178 173 168 165 156 160 154 145 139 140 146 140 134 130 129 132 123 122 115 113 146 180
272 269 264 261 259 256 252 251 248 247 238 234 228 224 221 217 212 210 206 200 205 200 193 188 185 186 180 181 176 169 168 162 154 152 149 143 136 134 145 142 142 135 126 123 122 119 111 106 139 173
275 272 267 260 258 256 253 249 243 239 241 237 233 225 222 219 215 211 204 199 200 195 192 184 180 182 177 176 173 167 162 156 148 147 143 138 132 128 137 139 135 128 119 117 115 114 107 99  130 169
273 268 265 266 259 253 249 249 241 236 237 231 227 229 222 215 210 210 201 195 195 188 183 184 176 177 171 168 170 165 163 155 149 142 141 132 125 119 130 133 135 126 119 111 109 112 105 98  122 162
268 265 261 259 254 251 246 245 238 234 231 227 222 221 215 212 206 205 197 192 188 183 177 175 168 171 166 167 163 161 160 154 147 143 135 129 121 117 122 128 128 122 115 115 108 104 99  95  113 156
268 264 259 256 253 253 247 241 234 233 230 225 219 215 211 211 204 200 192 190 186 180 173 168 163 164 163 158 157 156 157 150 142 139 133 133 125 116 115 122 121 114 109 106 101 95  94  93  105 149
272 268 266 257 251 250 242 238 237 230 225 220 215 215 208 206 197 192 195 187 181 175 169 167 159 156 155 149 154 151 150 143 136 137 128 124 122 115 111 116 113 105 102 99  98  95  95  91  100 142
268 264 258 256 252 246 247 241 232 231 226 221 214 211 206 199 197 190 189 187 181 175 167 163 163 157 154 146 145 144 143 137 133 128 128 125 121 112 110 108 105 97  98  99  93  92  87  86  98  133
271 266 262 262 253 245 241 238 232 227 226 220 221 214 213 204 199 194 187 181 178 171 165 157 155 154 148 144 142 137 136 128 130 121 119 121 114 109 106 100 98  96  92  91  95  98  90  82  93  124
267 265 256 253 246 243 237 240 234 225 222 215 214 214 206 202 195 190 181 180 176 168 166 164 155 150 142 136 135 133 130 121 123 118 117 116 107 100 98  95  89  88  94  87  92  90  89  81  84  118
261 263 259 250 244 237 233 232 228 224 220 218 210 210 203 195 190 188 183 178 173 170 161 165 158 149 143 140 134 128 122 118 117 120 111 110 103 101 103 96  89  84  89  85  85  89  81  78  80  111
260 256 250 246 243 239 234 232 228 222 221 216 209 204 200 195 189 186 181 174 173 167 159 157 154 148 141 139 140 132 130 123 114 111 110 107 99  94  103 94  90  82  88  84  83  84  76  70  72  103
264 260 256 248 245 242 238 234 227 222 223 218 213 204 200 196 191 186 178 172 167 161 153 152 148 143 137 133 136 129 123 116 107 105 103 102 95  87  104 96  89  81  80  77  75  75  71  62  71  98
260 254 250 252 245 238 233 233 224 218 218 211 206 207 199 191 185 180 179 172 168 160 154 147 146 137 130 124 135 128 123 114 107 99  97  100 93  86  100 94  88  87  79  70  68  67  68  60  62  90
254 250 245 244 238 235 229 228 220 215 211 206 200 198 191 194 189 186 177 171 166 160 153 148 140 134 126 122 127 125 119 112 104 103 96  92  87  83  91  94  91  83  74  67  66  58  61  56  61  83
253 248 242 238 234 234 227 223 215 213 209 203 196 191 186 187 186 181 173 170 165 158 150 144 138 138 130 121 120 121 115 107 98  94  89  83  82  81  83  87  83  74  75  70  64  57  55  53  52  75
248 243 238 238 231 229 220 215 218 210 204 198 192 190 182 179 178 172 175 166 159 152 145 142 133 129 127 120 116 115 107 99  91  87  86  83  83  79  78  80  74  73  67  62  60  56  55  50  46  67
249 244 237 234 229 222 220 213 212 210 204 198 190 186 186 180 177 169 168 167 164 157 148 143 141 132 128 119 116 112 104 96  95  89  81  80  75  74  76  71  65  64  63  63  54  52  46  44  43  66
255 249 244 237 236 227 222 217 210 204 201 194 188 180 178 177 171 167 165 160 157 149 145 136 133 131 124 119 116 110 108 100 92  91  88  86  78  70  71  62  56  62  56  54  55  52  48  39  37  65
252 245 244 240 232 228 221 216 207 206 202 194 192 187 178 173 165 159 158 156 151 142 139 133 132 126 117 110 108 105 99  98  94  87  85  78  77  69  66  62  55  53  57  49  51  43  46  40  36  58
257 255 247 246 239 231 226 224 219 214 209 206 197 195 187 178 172 169 163 157 151 147 146 143 134 133 126 122 115 108 101 96  94  90  89  87  79  76  68  62  54  48  51  46  44  41  37  40  31  50
272 267 260 255 251 246 240 237 232 225 224 218 210 205 200 194 187 183 177 169 167 160 151 148 142 135 127 122 115 106 102 94  100 96  91  83  74  68  60  59  54  45  50  49  41  32  31  31  22  41
276 271 264 255 251 247 242 237 229 223 218 212 204 203 199 194 188 182 173 166 160 153 144 142 138 132 125 117 116 108 101 93  92  89  86  79  71  62  65  60  52  43  41  44  40  33  24  23  20  35
277 270 265 259 250 242 236 231 230 223 219 211 205 198 197 188 181 175 173 165 160 151 144 136 134 133 125 118 115 106 100 99  91  82  79  77  68  60  56  55  48  46  37  36  32  29  33  24  19  26
275 270 264 260 253 248 241 238 229 223 218 212 205 200 192 186 178 174 179 172 166 159 151 147 138 134 129 125 125 117 110 102 93  86  85  77  80  75  74  65  57  48  47  39  37  28  28  21  17  18
283 277 270 265 260 256 248 240 231 228 223 216 208 202 196 191 182 173 172 168 162 154 145 138 131 125 124 123 121 116 109 100 99  91  83  76  74  72  69  63  55  54  52  43  34  26  23  20  16  9