208 209 208 202 205 198 193 202 195 191 189 191 190 184 187 180 175 184 177 173 171 173 172 166 169 162 157 166 159 155 153 155 154 148 151 144 139 148 141 137 135 149 159 153 156 153 177 195 192 213 
208 208 207 199 198 197 192 196 196 190 188 190 189 181 180 179 174 178 178 172 170 172 171 163 162 161 156 160 160 154 152 154 153 145 144 143 138 142 142 136 134 148 158 150 149 148 176 188 188 211 
207 205 204 201 195 190 189 190 189 195 187 187 186 183 177 172 171 172 171 177 169 169 168 165 159 154 153 154 153 159 151 151 150 147 141 136 135 136 135 141 133 145 155 152 146 141 173 182 181 209 
211 210 207 198 199 190 188 187 187 192 185 186 189 180 181 172 170 169 169 174 167 168 171 162 163 154 152 151 151 156 149 150 153 144 145 136 134 133 133 138 131 144 156 148 149 140 172 179 179 201 
208 204 200 194 191 187 189 182 181 183 182 180 182 176 173 169 171 164 163 165 164 162 164 158 155 151 153 146 145 147 146 144 146 140 137 133 135 128 127 129 128 138 147 144 141 137 171 174 173 192 
201 200 197 196 187 186 189 181 180 182 175 176 179 178 169 168 171 163 162 164 157 158 161 160 151 150 153 145 144 146 139 140 143 142 133 132 135 127 126 128 121 134 141 146 137 136 164 173 172 191 
200 199 201 202 193 184 183 181 177 175 174 173 178 180 175 166 165 163 159 157 156 155 160 162 157 148 147 145 141 139 138 137 142 144 139 130 129 127 123 121 120 131 140 142 143 134 156 173 169 184 
199 196 196 194 189 185 183 182 176 180 173 170 173 171 169 166 165 164 158 162 155 152 155 153 151 148 147 146 140 144 137 134 137 135 133 130 129 128 122 126 119 128 135 133 136 133 154 173 167 183 
196 195 199 192 190 189 186 178 173 171 170 169 173 166 165 164 165 160 155 153 152 151 155 148 147 146 147 142 137 135 134 133 137 130 129 128 129 124 119 117 116 127 135 128 132 131 153 167 164 174 
195 193 190 189 196 187 183 183 178 170 169 167 164 163 170 161 157 165 160 152 151 149 146 145 152 143 139 147 142 134 133 131 128 127 134 125 121 129 124 116 115 125 126 125 136 128 145 162 162 173 
195 195 194 188 191 184 179 182 175 171 169 169 168 162 165 158 153 162 155 151 149 151 150 144 147 140 135 144 137 133 131 133 132 126 129 122 117 126 119 115 113 122 130 124 127 124 141 157 154 172 
194 194 193 185 184 183 178 182 177 170 168 168 167 159 158 157 152 156 156 150 148 150 149 141 140 139 134 138 138 132 130 132 131 123 122 121 116 120 120 114 112 121 129 121 120 119 140 150 150 170 
193 191 190 187 181 176 175 176 175 175 167 165 164 161 155 150 149 150 149 155 147 147 146 143 137 132 131 132 131 137 129 129 128 125 119 114 113 114 113 119 111 118 126 123 117 112 137 144 143 168 
197 196 193 184 185 176 174 173 173 178 171 170 167 158 159 150 148 147 147 152 145 146 149 140 141 132 130 129 129 134 127 128 131 122 123 114 112 111 111 116 109 117 127 119 120 111 136 141 141 160 
194 190 186 180 177 173 175 168 167 169 168 164 160 154 151 147 149 142 141 143 142 140 142 136 133 129 131 124 123 125 124 122 124 118 115 111 113 106 105 107 106 111 118 115 112 108 135 136 135 151 
187 186 183 182 173 172 175 167 166 168 161 160 157 156 147 146 149 141 140 142 135 136 139 138 129 128 131 123 122 124 117 118 121 120 111 110 113 105 104 106 99  107 112 117 108 107 128 135 134 150 
187 186 187 188 179 170 169 167 163 161 160 159 161 162 153 144 143 141 137 135 134 133 138 140 135 126 125 123 119 117 116 115 120 122 117 108 107 105 101 99  98  104 111 113 114 105 120 135 131 143 
186 183 182 180 175 171 169 168 162 166 159 156 156 154 149 145 143 142 136 140 133 130 133 131 129 126 125 124 118 122 115 112 115 113 111 108 107 106 100 104 97  101 106 104 107 104 118 135 129 142 
183 182 186 179 176 175 172 164 159 157 156 155 159 152 150 149 146 138 133 131 130 129 133 126 125 124 125 120 115 113 112 111 115 108 107 106 107 102 97  95  94  100 106 99  103 102 117 129 126 133 
182 180 177 176 183 174 170 169 164 156 155 153 150 149 156 147 143 143 138 130 129 127 124 123 130 121 117 125 120 112 111 109 106 105 112 103 99  107 102 94  93  98  97  96  107 99  109 124 124 132 
182 182 181 175 178 171 166 168 161 157 155 155 154 148 151 144 139 142 135 131 129 129 128 122 125 118 113 122 115 111 109 111 110 104 107 100 95  104 97  93  91  95  101 95  98  95  105 119 116 131 
181 181 180 172 171 170 165 169 163 156 154 154 153 145 144 143 138 142 137 130 128 128 127 119 118 117 112 116 116 110 108 110 109 101 100 99  94  98  98  92  90  94  100 92  91  90  104 112 112 129 
180 178 177 174 168 163 162 163 162 161 153 151 150 147 141 136 135 136 135 135 127 125 124 121 115 110 109 110 109 115 107 107 106 103 97  92  91  92  91  97  89  91  97  94  88  83  101 106 105 127 
184 183 180 171 172 163 161 160 160 164 157 156 153 144 145 136 134 133 133 138 131 130 127 118 119 110 108 107 107 112 105 106 109 100 101 92  90  89  89  94  87  90  98  90  91  82  100 103 103 119 
181 177 173 167 164 160 162 155 154 155 154 150 146 140 137 133 135 128 127 129 128 124 120 114 111 107 109 102 101 103 102 100 102 96  93  89  91  84  83  85  84  84  89  86  83  79  99  98  97  110 
174 173 170 169 160 159 162 154 153 154 147 146 143 142 133 132 135 127 126 128 121 120 117 116 107 106 109 101 100 102 95  96  99  98  89  88  91  83  82  84  77  80  83  88  79  78  92  97  96  109 
174 173 174 175 166 157 156 154 150 148 147 146 147 148 139 130 129 127 123 121 120 119 121 122 113 104 103 101 97  95  94  93  98  100 95  86  85  83  79  77  76  77  82  84  85  76  84  97  93  102 
173 170 169 167 162 158 156 155 149 153 146 143 142 140 135 131 129 128 122 126 119 116 116 114 109 105 103 102 96  100 93  90  93  91  89  86  85  84  78  82  75  74  77  75  78  75  82  97  91  101 
172 171 175 166 163 162 159 151 146 144 143 142 146 139 136 135 132 124 119 117 116 115 119 112 110 109 106 98  93  91  90  89  93  86  85  84  85  80  75  73  72  73  77  70  74  73  81  91  88  92  
171 169 166 165 172 163 159 156 151 143 142 140 137 136 143 134 130 129 124 116 115 113 110 109 116 107 103 103 98  90  89  87  84  83  90  81  77  85  80  72  71  71  68  67  78  70  73  86  86  91  
171 171 170 164 167 160 155 155 148 144 142 142 141 135 138 131 126 128 121 117 115 115 114 108 111 104 99  102 95  91  89  89  88  82  85  78  73  82  75  71  69  71  72  66  69  66  69  81  78  90  
170 170 169 161 160 159 154 156 150 143 141 141 140 132 131 130 125 129 123 116 114 114 113 105 104 103 98  102 97  90  88  88  87  79  78  77  72  76  76  70  68  70  71  63  62  61  68  74  74  88  
169 167 166 163 157 152 151 152 150 148 140 138 137 134 128 123 122 123 122 121 113 111 110 107 101 96  95  96  95  95  87  85  84  81  75  70  69  70  69  75  67  67  68  65  59  54  65  68  67  86  
173 172 169 160 161 152 150 149 149 151 144 143 140 131 132 123 121 120 120 124 117 116 113 104 105 96  94  93  93  98  91  90  87  78  79  70  68  67  67  72  65  66  70  61  62  53  64  65  65  78  
170 166 162 156 153 149 151 144 143 142 141 137 133 127 124 120 122 115 114 115 114 110 106 100 97  93  95  88  87  89  88  84  80  74  71  67  69  62  61  63  62  60  63  57  54  50  63  60  59  69  
163 162 159 158 149 148 151 143 142 141 134 133 130 129 120 119 122 114 113 114 107 106 103 102 93  92  95  87  86  88  81  80  77  76  67  66  69  61  60  62  55  56  59  59  50  49  56  59  58  68  
168 167 168 164 155 146 145 143 139 137 136 135 136 135 126 117 116 114 110 108 107 106 107 108 99  90  89  87  83  81  80  79  81  82  73  64  63  61  57  55  54  53  58  60  56  47  48  59  55  61  
167 164 163 161 156 152 150 149 143 144 135 132 131 129 124 120 118 117 111 115 106 103 102 100 95  91  89  88  82  86  79  76  76  74  69  65  63  62  56  60  53  50  53  51  49  46  46  59  53  60  
169 168 169 160 157 156 153 145 140 138 137 136 137 128 125 124 121 113 108 106 105 104 108 99  96  95  92  84  79  77  76  75  79  72  70  69  66  58  53  51  50  49  53  46  45  44  45  53  50  51  
168 166 163 162 167 158 154 150 145 137 136 134 131 130 135 126 122 118 113 105 104 102 99  98  105 96  92  89  84  76  75  73  70  69  76  67  63  63  58  50  49  47  44  43  50  41  37  48  48  50  
168 168 167 161 162 155 150 149 142 138 136 136 135 129 130 123 118 117 110 106 104 104 103 97  100 93  88  88  81  77  75  75  74  68  71  64  59  62  55  51  49  49  48  42  45  38  33  43  40  49  
167 167 166 158 157 156 151 150 144 137 135 135 134 126 125 124 119 118 112 105 103 103 102 94  93  92  87  89  83  76  74  74  73  65  64  63  58  62  57  50  48  48  47  39  38  37  32  36  36  47  
166 164 163 160 154 149 148 147 144 142 134 132 131 128 122 117 116 115 112 110 102 100 99  96  90  85  84  85  83  81  73  71  70  67  61  56  55  56  55  55  47  45  44  41  35  30  29  30  29  45  
181 178 175 166 165 156 153 152 152 154 146 143 140 131 130 121 118 117 117 119 111 108 105 96  95  86  83  82  82  84  77  76  73  64  65  56  54  53  53  58  51  50  47  38  39  30  28  27  27  37  
179 172 168 162 159 155 154 147 146 145 144 137 133 127 124 120 119 112 111 110 109 102 98  92  89  85  84  77  76  75  74  70  66  60  57  53  55  48  47  49  48  44  40  34  31  27  29  22  21  28  
172 171 168 167 158 157 156 148 147 144 137 136 133 132 123 122 121 113 112 109 102 101 98  97  88  87  86  78  77  74  67  66  63  62  53  52  55  47  46  48  41  40  37  36  27  26  29  21  20  27  
180 179 178 173 164 155 154 152 148 146 145 144 143 138 129 120 119 117 113 111 110 109 108 103 94  85  84  82  78  76  75  74  73  68  59  50  49  47  43  41  40  39  40  42  33  24  23  21  17  20  
179 176 175 173 168 164 162 161 155 153 144 141 140 138 133 129 127 126 120 118 109 106 105 103 98  94  92  91  85  83  74  71  70  68  63  59  57  56  50  48  39  36  35  33  28  24  22  21  15  19  
184 183 181 172 169 168 165 157 152 150 149 148 146 137 134 133 130 122 117 115 114 113 111 102 99  98  95  87  82  80  79  78  76  67  64  63  60  52  47  45  44  43  41  32  29  28  25  17  12  10  
198 196 193 192 191 182 178 174 169 161 160 158 155 154 153 144 140 136 131 123 122 120 117 116 115 106 102 98  93  85  84  82  79  78  77  68  64  60  55  47  46  44  41  40  39  30  26  22  17  9